0.0003109699661343763
0.0003468508674602105
0.0003973522607327272
0.0004628721536314034
0.000544009178862909
0.000641483119519158
0.0007559268827753038
0.0008875410090148113
0.0010356352150420033
0.0011981163178578036
0.0013710109057914885
0.0015481275176173785
0.0017209618445292675
0.0018789274217410762
0.002009954721572524
0.0021014482759550966
0.0021415321124701172
0.002120457813108834
0.0020320065851858046
0.0018746951805494931
0.001652600758470552
0.0013756533510429782
0.0010593035085398588
0.0007235498102600887
0.0003913957691898384
8.688599813423667e-05
-0.00016706482218733788
-0.0003507997946175906
-0.00044975059892452923
-0.00045574888696589896
-0.00036765899293742237
-0.000191258900955451
6.160617474454158e-05
0.00037447852341530874
0.0007281535647325387
0.0011027083605007052
0.0014794295176296015
0.001842398767689719
0.0021795501836769688
0.002483094179529913
0.0027492980059768374
0.002977706390305502
0.0031699654850140153
0.0033284669109628173
0.0034550489178926027
0.0035499761036429846
0.0036113706232960884
0.0036351940622381534
0.0036157913749812393
0.0035469195499069437
0.0034231068521544624
0.0032411345134056545
0.003001408948146909
0.002709001893236877
0.0023741764926960168
0.0020122832069902653
0.001642991183078014
0.0012889072127925509
0.0009737142338693156
0.000720024392853522
0.0005471804566967253
0.000469249687291937
0.0004934357536112014
0.0006190899540522246
0.0008374389724841349
0.0011320705888166486
0.0014801400878390303
0.0018541872266772512
0.0022243940239640462
0.0025610729080061973
0.0028371561438505864
0.003030461701369008
0.0031255362350105726
0.003114919050435359
0.0029997268115045553
0.002789521427548288
0.0025014869704165672
0.002158999878351431
0.0017897252332129796
0.001423406889765518
0.0010895384751237345
0.000815105071922033
0.0006225725222796933
0.0005282747889411825
0.0005413127203092313
0.0006630335545704391
0.0008871134804545983
0.0012002193436699885
0.0015831835082571201
0.002012590644594609
0.0024626487219221436
0.002907199822373163
0.0033217199156414835
0.003685160185626082
0.0039814951892657114
0.004200864068196601
0.004340219051426154
0.00440342925485578
0.004400825792099852
0.004348214693229499
0.004265424970818002
0.0041744978639982845
0.004097656945233685
0.0040552242678070245
0.004063661964403757
0.0041339189717623384
0.004270246977883315
0.0044696176636043455
0.004721825872418243
0.005010303367370398
0.005313600025124446
0.005607419927708538
0.005867036103333576
0.00606985714493485
0.006197888443339314
0.006239825558208403
0.006192540125734035
0.006061769432291315
0.005861895809093776
0.0056147945705260155
0.005347829933922007
0.00509117613052717
0.0048747242009307
0.004724893162406617
0.004661689068638762
0.00469634220011078
0.0048298008115323
0.005052273768656538
0.005343902686671103
0.005676519064827766
0.006016317852835521
0.006327170854202792
0.0065742249798552985
0.006727392060867377
0.006764344519820153
0.006672684909132337
0.0064510515401333115
0.006109046218270377
0.005666008469302542
0.005148796373192769
0.004588850007655685
0.004018894642436212
0.003469676691053331
0.0029671113845078138
0.0025301591811694446
0.0021696465307622145
0.0018881196014711135
0.00168068428386126
0.0015366606094946705
0.0014417815470176827
0.0013806079066144901
0.0013388199403183787
0.001305082503720792
0.001272257858599362
0.0012378460560537236
0.0012036511388240309
0.0011747844885938196
0.0011582081012331323
0.0011610776771405497
0.0011891609979114066
0.0012455804814444104
0.0013300658753689497
0.0014388149386326292
0.0015649612979045863
0.0016995551033375015
0.0018328878117587382
0.00195594786750059
0.0020617844860940336
0.002146581595130305
0.002210297214403749
0.0022567949462064217
0.0022934713210307125
0.0023304529922756074
0.002379490767071086
0.0024527065004438567
0.002561351897735036
0.002714717844330217
0.002919295407901882
0.0031782438557202137
0.0034911760934840915
0.003854235698630034
0.004260417200839171
0.004700073822519412
0.00516156223356265
0.005631986795526095
0.006098019544696682
0.006546780246254139
0.006966758548545464
0.007348746011272301
0.007686721738141312
0.007978607179719361
0.008226781509445218
0.008438237710539542
0.008624268802193904
0.008799607963536295
0.008981005529804733
0.009185304489772877
0.009427163810612423
0.00971666166895766
0.01005707308966563
0.01044314448348346
0.010860171019414569
0.011284117791096802
0.011682916042389968
0.012018922727095035
0.012252373357929907
0.012345506594219489
0.012266917412341795
0.011995624418828227
0.011524330258259198
0.010861417802475546
0.010031354479151924
0.00907335836880754
0.008038389995246312
0.0069847452827606635
0.005972708928988792
0.005058857423846394
0.004290658026105958
0.003701984948603997
0.003310068940905832
0.003114224746870697
0.003096485273033707
0.003224040569559276
0.0034531646962637445
0.0037341425460971473
0.00401660354585656
0.004254642138496029
0.00441115726770403
0.004460964936728863
0.004392410237838607
0.00420740276742849
0.003919994430261989
0.003553785404650944
0.0031385619910016716
0.0027066267856045477
0.0022892741309226664
0.001913798408297662
0.0016013135292084627
0.0013655281437617362
0.0012124836954485621
0.001141141143123561
0.0011446122746561786
0.0012117821033952952
0.0013290618151022876
0.001482042339330981
0.0016568767859217938
0.0018412925371355056
0.002025206939652012
0.002200982297124514
0.002363397856556276
0.0025094350279710955
0.002637968299145426
0.00274943337477326
0.002845513765211193
0.002928855975632808
0.0030027992258754876
0.003071093450096706
0.003137581062634864
0.003205832058616488
0.0032787439810268012
0.0033581418986709665
0.0034444322365882415
0.0035363726308509282
0.0036310147785927924
0.0037238583167743754
0.003809223899476524
0.003880818118777326
0.003932428400180417
0.003958659254678437
0.003955607789150854
0.003921379331481993
0.0038563636153135083
0.0037632253600487
0.003646604921369332
0.003512568075958654
0.0033678817433452184
0.0032192183268614813
0.0030724012326027866
0.0029317966111814192
0.002799932999275877
0.0026773954261056746
0.00256299957941035
0.0024542113809504435
0.002347743938924655
0.002240242004149407
0.0021289562923684016
0.0020123164682270952
0.0018903301054911928
0.0017647617578005592
0.0016390767432567204
0.0015181637290886008
0.0014078748621579524
0.0013144395270052946
0.001243816876388453
0.001201053550882911
0.0011897080018607765
0.0012113935608264778
0.0012654807861605015
0.0013489870772392817
0.0014566687509787568
0.0015813177096855096
0.0017142510613416496
0.001845967171073165
0.001966925685295478
0.00206839295578937
0.002143279818323146
0.002186888445838734
0.0021974819308122266
0.0021765969730292768
0.0021290381419665997
0.002062521569024425
0.00198697448549976
0.0019135405923747255
0.0018533840331573961
0.001816420124020425
0.0018101226156030496
0.001838560180377373
0.0019017965600315043
0.0019957500453139107
0.002112552721727807
0.0022413851896847174
0.0023696972811323527
0.002484669351360459
0.0025747308576788207
0.002630939615852025
0.00264803929338982
0.0026250531516408214
0.0025653334854802592
0.00247605996743405
0.0023672554663383724
0.0022504537820459696
0.00213720039590039
0.00203758798074801
0.0019590202344010946
0.0019053621948634202
0.001876578266279054
0.001868889570901016
0.0018754104646379977
0.0018871606200023003
0.0018943028465637044
0.0018874336752221722
0.001858755822570661
0.001802987235543664
0.0017179053685799134
0.0016044801688197962
0.0014666064023037013
0.001310497268889865
0.0011438401364111787
0.000974837532115943
0.0008112609383304156
0.000659632817239676
0.0005246271385419782
0.00040874530189999775
0.0003122878960189537
0.00023360790110315427
0.00016960131784701365
0.00011636901283710974
6.996967949652467e-05
2.7178038290179068e-05
-1.383607916971895e-05
-5.298431824567117e-05
-8.795544061854434e-05
-0.00011417549974072719
-0.00012505593864933095
-0.00011252731587990898
-6.782816610374686e-05
1.751043159781452e-05
0.0001505710548969054
0.00033595523242482703
0.0005748091760436826
0.0008640921860127473
0.001196196453215245
0.0015589985146304709
0.0019363808115828195
0.0023092105664233734
0.0026567084323684555
0.002958088253040471
0.0031943091914837453
0.00334975888516999
0.003413685481118358
0.003381218761695175
0.0032538640624856247
0.003039412043218353
0.0027512747932227372
0.0024073250406773383
0.002028371235825288
0.0016364393281379798
0.0012530472031560005
0.0008976485204029788
0.0005863913117572763
0.0003312886250098529
0.00013984148325540158
1.509719145631053e-05
-4.3923217996621466e-05
-4.152942735126355e-05
1.5484079971175535e-05
0.00011871837287197369
0.00025898681008750603
0.0004269990651013915
0.0006138771669793706
0.0008115006400844126
0.0010127034147703344
0.0012113606166615357
0.0014024075800533637
0.0015818277268839702
0.0017466333743383648
0.0018948481568464408
0.0020254857153471292
0.0021385099532718376
0.002234759373950801
0.002315821958757197
0.0023838562601920872
0.0024413662429882427
0.0024909487942750197
0.0025350408818106134
0.002575696107588422
0.0026144172282780214
0.002652062833694173
0.002688834690400715
0.0027243398418754002
0.0027577110296117834
0.0027877624193902014
0.002813156024475839
0.0028325574365655045
0.002844766210189739
0.0028488144465906844
0.0028440345249720455
0.002830101640469812
0.002807057796341704
0.002775321258396238
0.0027356804195878427
0.0026892655547640413
0.002637488361603197
0.002581939428795061
0.0025242388692564327
0.002465845024383356
0.0024078387201484537
0.0023507132453236593
0.0022942096672338044
0.002237240129050773
0.0021779361877913325
0.0021138444777584506
0.002042269410467554
0.00196073555021692
0.0018675154686917741
0.0017621476190898399
0.0016458579838308153
0.0015218023708458504
0.0013950643904311957
0.0012723757287021306
0.0011615660707676317
0.001070793576757451
0.001007645809748887
0.000978228364263995
0.000986368656528488
0.0010330526217494965
0.0011161829771728926
0.0012307032190401804
0.001369078435974909
0.001522070885191758
0.0016797039097605825
0.0018322797132658175
0.0019713096474138388
0.0020902313429410177
0.0021848227053350624
0.0022532725261533437
0.0022959228115393524
0.0023147495150763375
0.0023126874775151927
0.002292925535249399
0.002258295837298245
0.002210858179721663
0.002151740133146862
0.002081244307691602
0.0019991842196990513
0.001905368771075069
0.0018001295333311457
0.0016847791158355542
0.001561903502251976
0.001435423264234473
0.0013104018319110792
0.001192625442999853
0.0010880205423065604
0.0010020029578739753
0.0009388643068168047
0.000901293249555861
0.0008901043837357662
0.000904210767409033
0.0009408343474722881
0.0009959096840487802
0.0010646072610664826
0.0011418882497898093
0.00122300481124757
0.0013038776369149873
0.0013813113026950377
0.001453042009029294
0.0015176444949471797
0.0015743490435990502
0.0016228310669930896
0.0016630329708126489
0.0016950620468320588
0.0017191829164218619
0.0017358943376495994
0.001746054471640314
0.0017510018299217828
0.0017526151016075621
0.0017532652061229754
0.001755635542887026
0.001762417090927647
0.001775917422490096
0.001797649833095091
0.0018279843730616737
0.0018659423236038458
0.0019091982836662285
0.0019543215702967484
0.0019972462602797815
0.0020339143730223937
0.0020609978473052942
0.0020765799561537094
0.0020806714134613533
0.0020754531687223075
0.0020651753823173148
0.002055695099781748
0.002053695382566306
0.0020656860314922027
0.002096930430486222
0.0021504660410728653
0.0022263825601402084
0.0023214908796776643
0.002429461538426461
0.002541441260651945
0.002647081317457971
0.0027358439153916023
0.0027984039251411617
0.002827941612476995
0.002821132001741536
0.0027786773954036133
0.0027052956107433434
0.0026091576450270183
0.0025008520262725475
0.0023920256911709424
0.002293901052063728
0.002215887697557233
0.0021644915949090883
0.00214267697949421
0.002149763858395636
0.0021818588511137438
0.002232732789497104
0.0022949888945150714
0.0023613218818980207
0.002425658183541921
0.002483992251857372
0.00253478944460775
0.002578902888140631
0.0026190369598496715
0.0026588691127982563
0.0027020011533298843
0.0027509405222491275
0.0028063064254693006
0.0028664156090411055
0.0029273348928394965
0.002983403812116634
0.003028145309129452
0.0030554102546482367
0.0030605554309337197
0.0030414428969295125
0.00299907395086294
0.002937729400121413
0.0028645699421148627
0.0027887423427502937
0.002720123087701308
0.0026678964081872634
0.002639196575292243
0.0026380390581655
0.0026647220114881603
0.0027158055517933705
0.0027846836997806154
0.0028626682560550783
0.002940421362737034
0.0030095179811288663
0.003063900236112069
0.003101005522979048
0.0031224056324656315
0.003133874999206
0.0031448982380179024
0.003167714309655815
0.003216061921332429
0.0033038268343708035
0.0034437911065718237
0.0036466481729673307
0.003920383801874511
0.004270044159310668
0.004697833976494217
0.005203425455946925
0.005784324320666137
0.00643614015545196
0.007152643993919595
0.007925560167288218
0.008744119222089317
0.00959447822208613
0.010459177422203007
0.011316834153044157
0.012142267074270467
0.012907195120981962
0.013581571505899163
0.014135506915578475
0.014541625184637082
0.014777598672382508
0.014828547140708267
0.014688966212752683
0.014363885358823224
0.013869038267220274
0.013229949642597511
0.012479984538042783
0.01165754799820613
0.010802742357090424
0.00995386837939277
0.009144182081381094
0.00839928721339089
0.007735458592902464
0.007159066409987275
0.006667124982536653
0.006248842923920791
0.005887926560531487
0.005565302200554478
0.005261886618522885
0.004961052072895639
0.004650497371561803
0.00432333795645802
0.003978348839006896
0.0036194156164683893
0.0032543528991871907
0.00289332219569741
0.0025471142768626115
0.002225552576751136
0.0019362290690929864
0.0016837123260781764
0.001469282440790357
0.0012911634036928386
0.0011451531645789597
0.0010255044280196787
0.0009258900941227067
0.0008402961002283102
0.0007637167153975039
0.0006925752720363133
0.0006248473915035167
0.0005599145310866775
0.0004982153150806641
0.00044078551531750787
0.0003887829026426299
0.0003430819034762284
0.0003039990764720318
0.0002711795070935961
0.00024364240503284922
0.0002199569518993861
0.0001985007650215655
0.00017774521269371077
0.00015651416131133816
0.00013417369951328987
0.00011072689925308242
8.680616292186486e-05
6.357278792933554e-05
4.254643583648976e-05
2.5394711609360492e-05
1.3714731965555546e-05
8.835143325476154e-06
1.166003759430196e-05
2.2567446014519177e-05
4.1366343974341676e-05
6.730876638273265e-05
9.914853505078488e-05
0.00013523544404099824
0.00017363322209012493
0.00021225054093875886
0.00024897599621156996
0.00028180967356011756
0.00030898518199064457
0.0003290767415926278
0.000341086184075907
0.000344504880080854
0.000339346029454126
0.000326143759261268
0.0003059172291263627
0.00028010039715020197
0.00025044100599877153
0.0002188753198471359
0.00018738773640764806
0.0001578662120875522
0.00013196518956743055
0.00011098728979872006
9.579348421616687e-05
8.674900579907508e-05
8.370919337266548e-05
8.604613005833657e-05
9.271364999402107e-05
0.00010234530359639142
0.00011337737306462834
0.00012418713265017445
0.0001332353241462668
0.00013920131920176003
0.00014109971573611341
0.00013836821341833348
0.00013091856165500443
0.00011914515220331466
0.00010388933226184513
8.636152560617498e-05
6.802743178917075e-05
5.046848815871565e-05
3.522993452680122e-05
2.36717414450853e-05
1.6837976138386804e-05
1.5358689528934002e-05
1.9395153050781348e-05
2.8634551800557616e-05
4.233458368514067e-05
5.941252748201028e-05
7.856800524613226e-05
9.842461310823666e-05
0.00011767340826118123
0.00013520124575527035
0.00015018917499556324
0.00016217023410015764
0.00017104144704830932
0.00017703087040762052
0.00018062631443668361
0.00018247708794236282
0.00018328316258604786
0.00018368714814772635
0.00018418334351403155
0.000185055108347035
0.00018634737539814834
0.00018787596033809106
0.00018927016933860809
0.00019004076831084408
0.00018966224612007498
0.00018765685656150214
0.00018366829105022087
0.00017751489060225688
0.00016921569847047854
0.00015898685962447695
0.00014721027259739902
0.0001343803687310817
0.0001210378866977468
0.00010770112850079306
9.480522824070365e-05
8.265846037769977e-05
7.14217997684361e-05
6.111424277870049e-05
5.1642351880287574e-05
4.284868810010749e-05
3.457080522263953e-05
2.670074270762097e-05
1.9234739507971744e-05
1.2304248537016564e-05
6.182081988623418e-06
1.261273456318357e-06
-1.991539635893871e-06
-3.1023530656033763e-06
-1.6665075447192293e-06
