0.15915494309189535
0.238732414637843
0.3183098861837907
0.3978873577297384
0.477464829275686
0.5570423008216338
0.6366197723675814
0.716197243913529
0.7957747154594768
0.8753521870054244
0.954929658551372
1.0345071300973196
1.1140846016432675
1.1936620731892151
1.2732395447351628
1.3528170162811104
1.432394487827058
1.5119719593730057
1.5915494309189535
1.6711269024649011
1.7507043740108488
1.8302818455567964
1.909859317102744
1.9894367886486917
2.0690142601946393
2.148591731740587
2.228169203286535
2.3077466748324826
2.3873241463784303
2.466901617924378
2.5464790894703255
2.626056561016273
2.705634032562221
2.7852115041081684
2.864788975654116
2.9443664472000637
3.0239439187460113
3.103521390291959
3.183098861837907
3.2626763333838547
3.3422538049298023
3.42183127647575
3.5014087480216975
3.580986219567645
3.660563691113593
3.7401411626595404
3.819718634205488
3.8992961057514357
3.9788735772973833
4.058451048843331
4.138028520389279
4.217605991935226
4.297183463481174
4.3767609350271215
4.45633840657307
4.535915878119018
4.615493349664965
4.695070821210913
4.7746482927568605
4.854225764302808
4.933803235848756
5.013380707394703
5.092958178940651
5.172535650486599
5.252113122032546
5.331690593578494
5.411268065124442
5.490845536670389
5.570423008216337
5.6500004797622845
5.729577951308232
5.80915542285418
5.888732894400127
5.968310365946075
6.047887837492023
6.12746530903797
6.207042780583918
6.286620252129866
6.366197723675814
6.445775195221762
6.525352666767709
6.604930138313657
6.684507609859605
6.764085081405552
6.8436625529515
6.9232400244974475
7.002817496043395
7.082394967589343
7.16197243913529
7.241549910681238
7.321127382227186
7.400704853773133
7.480282325319081
7.5598597968650285
7.639437268410976
7.719014739956924
7.798592211502871
7.878169683048819
7.957747154594767
8.037324626140714
8.116902097686662
8.19647956923261
8.276057040778557
8.355634512324505
8.435211983870452
8.5147894554164
8.594366926962348
8.673944398508295
8.753521870054243
8.83309934160019
8.91267681314614
8.992254284692088
9.071831756238035
9.151409227783983
9.23098669932993
9.310564170875878
9.390141642421826
9.469719113967773
9.549296585513721
9.628874057059669
9.708451528605616
9.788029000151564
9.867606471697512
9.94718394324346
10.026761414789407
10.106338886335354
10.185916357881302
10.26549382942725
10.345071300973197
10.424648772519145
10.504226244065093
10.58380371561104
10.663381187156988
10.742958658702936
10.822536130248883
10.90211360179483
10.981691073340778
11.061268544886726
11.140846016432674
11.220423487978621
11.300000959524569
11.379578431070517
11.459155902616464
11.538733374162412
11.61831084570836
11.697888317254307
11.777465788800255
11.857043260346202
11.93662073189215
12.016198203438098
12.095775674984045
12.175353146529993
12.25493061807594
12.334508089621888
12.414085561167836
12.493663032713785
12.573240504259733
12.65281797580568
12.732395447351628
12.811972918897576
12.891550390443523
12.971127861989471
13.050705333535419
13.130282805081366
13.209860276627314
13.289437748173262
13.36901521971921
13.448592691265157
13.528170162811104
13.607747634357052
13.687325105903
13.766902577448947
13.846480048994895
13.926057520540843
14.00563499208679
14.085212463632738
14.164789935178685
14.244367406724633
14.32394487827058
14.403522349816528
14.483099821362476
14.562677292908424
14.642254764454371
14.721832236000319
14.801409707546267
14.880987179092214
14.960564650638162
15.04014212218411
15.119719593730057
15.199297065276005
15.278874536821952
15.3584520083679
15.438029479913848
15.517606951459795
15.597184423005743
15.67676189455169
15.756339366097638
15.835916837643586
15.915494309189533
15.995071780735483
16.07464925228143
16.154226723827378
16.233804195373324
16.313381666919273
16.39295913846522
16.47253661001117
16.552114081557114
16.631691553103064
16.71126902464901
16.79084649619496
16.870423967740905
16.950001439286854
17.0295789108328
17.10915638237875
17.188733853924695
17.268311325470645
17.34788879701659
17.42746626856254
17.507043740108486
17.586621211654435
17.66619868320038
17.74577615474633
17.82535362629228
17.904931097838226
17.984508569384175
18.06408604093012
18.14366351247607
18.223240984022016
18.302818455567966
18.38239592711391
18.46197339865986
18.541550870205807
18.621128341751756
18.700705813297702
18.78028328484365
18.859860756389597
18.939438227935547
19.019015699481493
19.098593171027442
19.178170642573388
19.257748114119337
19.337325585665283
19.416903057211233
19.49648052875718
19.576058000303128
19.655635471849074
19.735212943395023
19.81479041494097
19.89436788648692
19.973945358032864
20.053522829578814
20.13310030112476
20.21267777267071
20.292255244216655
20.371832715762604
20.45141018730855
20.5309876588545
20.610565130400445
20.690142601946395
20.76972007349234
20.84929754503829
20.928875016584236
21.008452488130185
21.08802995967613
21.16760743122208
21.247184902768026
21.326762374313976
21.406339845859925
21.48591731740587
21.56549478895182
21.645072260497766
21.724649732043716
21.80422720358966
21.88380467513561
21.963382146681557
22.042959618227506
22.122537089773452
22.2021145613194
22.281692032865347
22.361269504411297
22.440846975957243
22.520424447503192
22.600001919049138
22.679579390595087
22.759156862141033
22.838734333686983
22.91831180523293
22.997889276778878
23.077466748324824
23.157044219870773
23.23662169141672
23.31619916296267
23.395776634508614
23.475354106054564
23.55493157760051
23.63450904914646
23.714086520692405
23.793663992238354
23.8732414637843
23.95281893533025
24.032396406876195
24.111973878422145
24.19155134996809
24.27112882151404
24.350706293059986
24.430283764605935
24.50986123615188
24.58943870769783
24.669016179243776
24.748593650789726
24.82817112233567
24.90774859388162
24.98732606542757
25.066903536973516
25.146481008519466
25.22605848006541
25.30563595161136
25.385213423157307
25.464790894703256
25.544368366249202
25.62394583779515
25.703523309341097
25.783100780887047
25.862678252432993
25.942255723978942
26.021833195524888
26.101410667070837
26.180988138616783
26.260565610162732
26.34014308170868
26.419720553254628
26.499298024800574
26.578875496346523
26.65845296789247
26.73803043943842
26.817607910984364
26.897185382530314
26.97676285407626
27.05634032562221
27.135917797168155
27.215495268714104
27.29507274026005
27.374650211806
27.454227683351945
27.533805154897895
27.61338262644384
27.69296009798979
27.772537569535736
27.852115041081685
27.93169251262763
28.01126998417358
28.090847455719526
28.170424927265476
28.25000239881142
28.32957987035737
28.40915734190332
28.488734813449266
28.568312284995216
28.64788975654116
28.72746722808711
28.807044699633057
28.886622171179006
28.966199642724952
29.0457771142709
29.125354585816847
29.204932057362797
29.284509528908742
29.364087000454692
29.443664472000638
29.523241943546587
29.602819415092533
29.682396886638482
29.76197435818443
29.841551829730378
29.921129301276324
30.000706772822273
30.08028424436822
30.159861715914168
30.239439187460114
30.319016659006063
30.39859413055201
30.47817160209796
30.557749073643905
30.637326545189854
30.7169040167358
30.79648148828175
30.876058959827695
30.955636431373645
31.03521390291959
31.11479137446554
31.194368846011486
31.273946317557435
31.35352378910338
31.43310126064933
31.512678732195276
31.592256203741226
31.67183367528717
31.75141114683312
31.830988618379067
31.910566089925016
31.990143561470965
32.06972103301691
32.14929850456286
32.22887597610881
32.308453447654756
32.3880309192007
32.46760839074665
32.5471858622926
32.62676333383855
32.70634080538449
32.78591827693044
32.86549574847639
32.94507322002234
33.02465069156828
33.10422816311423
33.18380563466018
33.26338310620613
33.34296057775207
33.42253804929802
33.50211552084397
33.58169299238992
33.661270463935864
33.74084793548181
33.82042540702776
33.90000287857371
33.979580350119654
34.0591578216656
34.13873529321155
34.2183127647575
34.297890236303445
34.37746770784939
34.457045179395344
34.53662265094129
34.616200122487236
34.69577759403318
34.775355065579134
34.85493253712508
34.934510008671026
35.01408748021697
35.093664951762925
35.17324242330887
35.25281989485482
35.33239736640076
35.411974837946715
35.49155230949266
35.57112978103861
35.65070725258456
35.730284724130506
35.80986219567645
35.8894396672224
35.96901713876835
36.0485946103143
36.12817208186024
36.20774955340619
36.28732702495214
36.36690449649809
36.44648196804403
36.52605943958998
36.60563691113593
36.68521438268188
36.76479185422782
36.84436932577377
36.92394679731972
37.00352426886567
37.083101740411614
37.16267921195756
37.24225668350351
37.32183415504946
37.401411626595404
37.48098909814135
37.5605665696873
37.64014404123325
37.719721512779195
37.79929898432514
37.878876455871094
37.95845392741704
38.038031398962985
38.11760887050893
38.197186342054884
38.27676381360083
38.356341285146776
38.43591875669272
38.515496228238675
38.59507369978462
38.67465117133057
38.75422864287651
38.833806114422465
38.91338358596841
38.99296105751436
39.07253852906031
39.152116000606256
39.2316934721522
39.31127094369815
39.3908484152441
39.470425886790046
39.55000335833599
39.62958082988194
39.70915830142789
39.78873577297384
39.86831324451978
39.94789071606573
40.02746818761168
40.10704565915763
40.18662313070357
40.26620060224952
40.34577807379547
40.42535554534142
40.504933016887364
40.58451048843331
40.66408795997926
40.74366543152521
40.823242903071154
40.9028203746171
40.98239784616305
41.061975317709
41.141552789254945
41.22113026080089
41.300707732346844
41.38028520389279
41.459862675438735
41.53944014698468
41.619017618530634
41.69859509007658
41.778172561622526
41.85775003316847
41.937327504714425
42.01690497626037
42.096482447806316
42.17605991935226
42.255637390898215
42.33521486244416
42.41479233399011
42.49436980553605
42.573947277082006
42.65352474862795
42.7331022201739
42.81267969171985
42.892257163265796
42.97183463481174
43.05141210635769
43.13098957790364
43.21056704944959
43.29014452099553
43.36972199254148
43.44929946408743
43.52887693563338
43.60845440717932
43.68803187872527
43.76760935027122
43.84718682181717
43.926764293363114
44.00634176490906
44.08591923645501
44.16549670800096
44.245074179546904
44.32465165109285
44.4042291226388
44.48380659418475
44.563384065730695
44.64296153727664
44.722539008822594
44.80211648036854
44.881693951914485
44.96127142346043
45.040848895006384
45.12042636655233
45.200003838098276
45.27958130964422
45.359158781190175
45.43873625273612
45.518313724282066
45.59789119582801
45.677468667373965
45.75704613891991
45.83662361046586
45.9162010820118
45.995778553557756
46.0753560251037
46.15493349664965
46.2345109681956
46.314088439741546
46.39366591128749
46.47324338283344
46.55282085437939
46.63239832592534
46.71197579747128
46.79155326901723
46.87113074056318
46.95070821210913
47.03028568365507
47.10986315520102
47.18944062674697
47.26901809829292
47.348595569838864
47.42817304138481
47.50775051293076
47.58732798447671
47.666905456022654
47.7464829275686
47.82606039911455
47.9056378706605
47.985215342206445
48.06479281375239
48.14437028529834
48.22394775684429
48.303525228390235
48.38310269993618
48.462680171482134
48.54225764302808
48.621835114574026
48.70141258611997
48.780990057665925
48.86056752921187
48.940145000757816
49.01972247230376
49.099299943849715
49.17887741539566
49.25845488694161
49.33803235848755
49.417609830033506
49.49718730157945
49.5767647731254
49.65634224467134
49.735919716217296
49.81549718776324
49.89507465930919
49.97465213085514
50.05422960240109
50.13380707394703
50.21338454549298
50.29296201703893
50.37253948858488
50.45211696013082
50.53169443167677
50.61127190322272
50.69084937476867
50.770426846314614
50.85000431786056
50.92958178940651
51.00915926095246
51.088736732498404
51.16831420404435
51.2478916755903
51.32746914713625
51.407046618682195
51.48662409022814
51.56620156177409
51.64577903332004
51.725356504865985
51.80493397641193
51.884511447957884
51.96408891950383
52.043666391049776
52.12324386259572
52.202821334141674
52.28239880568762
52.361976277233566
52.44155374877951
52.521131220325465
52.60070869187141
52.68028616341736
52.7598636349633
52.839441106509256
52.9190185780552
52.99859604960115
53.07817352114709
53.157750992693046
53.23732846423899
53.31690593578494
53.39648340733089
53.47606087887684
53.55563835042278
53.63521582196873
53.71479329351468
53.79437076506063
53.87394823660657
53.95352570815252
54.03310317969847
54.11268065124442
54.19225812279036
54.27183559433631
54.35141306588226
54.43099053742821
54.510568008974154
54.5901454805201
54.66972295206605
54.749300423612
54.828877895157945
54.90845536670389
54.98803283824984
55.06761030979579
55.147187781341735
55.22676525288768
55.306342724433634
55.38592019597958
55.465497667525526
55.54507513907147
55.624652610617424
55.70423008216337
55.783807553709316
55.86338502525526
55.942962496801215
56.02253996834716
56.10211743989311
56.18169491143905
56.261272382985005
56.34084985453095
56.4204273260769
56.50000479762284
56.579582269168796
56.65915974071474
56.73873721226069
56.81831468380664
56.89789215535259
56.97746962689853
57.05704709844448
57.13662456999043
57.21620204153638
57.29577951308232
57.37535698462827
57.45493445617422
57.53451192772017
57.61408939926611
57.69366687081206
57.77324434235801
57.85282181390396
57.932399285449904
58.01197675699585
58.0915542285418
58.17113170008775
58.250709171633694
58.33028664317964
58.40986411472559
58.48944158627154
58.569019057817485
58.64859652936343
58.728174000909384
58.80775147245533
58.887328944001275
58.96690641554722
59.046483887093174
59.12606135863912
59.205638830185066
59.28521630173101
59.364793773276965
59.44437124482291
59.52394871636886
59.6035261879148
59.683103659460755
59.7626811310067
59.84225860255265
59.92183607409859
60.001413545644546
60.08099101719049
60.16056848873644
60.24014596028238
60.319723431828336
60.39930090337428
60.47887837492023
